A
36 146 154 170 282 293 300 323 335 359 383 392 422 437 448 465 468 479 492 501 539 605 668 704 706 717 719 725 727 772 812 828 870 895 896 903 913 943 962 963 996 
B
3 4 7 8 9 10 21 22 23 25 31 32 36 38 39 41 42 45 53 54 56 61 73 76 83 85 89 94 98 102 106 107 108 115 116 119 128 130 140 142 143 145 146 151 155 157 158 162 169 170 174 180 183 186 187 190 191 192 194 196 197 200 201 203 210 222 223 225 250 254 256 264 265 271 273 280 282 283 286 287 288 289 291 292 293 298 304 307 309 310 311 314 315 317 322 323 324 329 330 338 344 349 351 356 360 363 369 371 375 377 384 387 390 394 402 411 414 417 419 422 423 424 426 427 431 434 435 438 440 442 447 449 451 452 456 458 459 467 468 473 475 477 482 484 485 486 489 504 507 511 512 513 515 520 524 530 536 538 539 542 548 549 550 556 557 558 559 574 575 581 586 588 589 590 592 596 597 601 603 610 617 618 619 623 624 625 627 630 635 637 640 645 647 649 650 652 656 658 659 660 663 665 669 672 674 688 689 693 700 702 703 705 712 713 719 722 724 725 729 730 735 742 746 754 757 758 759 763 768 778 779 787 789 790 797 799 806 808 809 814 816 830 833 834 837 841 843 845 860 862 867 869 870 876 882 887 889 891 893 894 901 910 913 925 930 931 932 933 936 939 942 943 945 946 947 950 955 959 967 977 978 983 987 990 997 999 1000 
C
4 8 11 12 19 20 24 31 32 44 59 61 62 65 71 87 88 100 103 109 110 112 114 117 120 124 126 141 143 153 154 160 165 171 178 182 188 189 193 196 201 203 214 223 228 236 261 262 265 271 286 287 298 303 304 315 316 325 327 335 358 361 366 372 373 385 392 406 412 414 415 424 429 433 440 461 465 467 475 478 481 485 488 493 506 519 521 526 528 541 544 548 551 566 577 578 579 594 597 625 626 628 630 659 663 668 669 679 695 696 705 712 714 726 738 758 759 761 764 772 774 788 791 801 802 803 825 830 834 851 852 875 883 888 897 901 903 906 925 927 929 941 959 963 973 975 986 994 
D
2 4 5 9 11 12 13 16 18 19 22 23 24 26 28 29 32 36 37 38 39 40 41 42 43 45 50 51 53 54 55 59 61 64 65 68 69 72 73 74 75 76 78 81 83 85 86 88 89 91 94 99 104 110 111 112 113 114 115 116 117 118 123 125 129 130 132 133 136 137 142 143 146 147 148 149 150 153 154 156 159 162 163 165 167 169 170 172 173 174 175 176 177 178 180 182 183 185 186 187 189 193 194 195 196 197 201 205 206 213 214 216 217 221 222 223 224 225 227 230 231 233 234 235 238 239 241 246 248 249 250 256 257 258 259 260 263 265 268 269 270 272 279 280 282 283 284 287 288 289 290 291 293 294 296 297 301 304 308 310 311 314 315 316 318 319 320 324 325 328 331 332 334 336 337 338 341 343 344 346 348 351 353 354 356 357 358 359 360 362 364 365 368 370 374 376 377 381 382 392 393 394 397 398 399 403 405 406 409 410 411 412 414 416 417 419 420 422 423 424 425 427 429 430 431 435 440 443 444 448 449 450 451 453 455 458 459 460 461 462 463 464 465 466 468 470 473 475 476 480 482 483 484 485 486 487 488 489 490 491 492 494 496 497 498 499 502 504 505 506 509 510 511 512 516 517 520 521 522 525 527 528 529 532 533 535 537 540 541 542 543 544 546 547 548 549 550 553 556 557 558 560 561 562 566 568 569 570 571 573 574 576 578 584 585 586 589 590 591 592 595 596 599 601 602 603 605 606 607 608 609 610 611 612 613 615 616 618 620 621 624 626 627 628 630 631 634 635 636 637 638 639 641 642 644 648 649 651 652 653 654 655 656 659 660 662 663 664 665 667 668 669 671 673 674 675 676 677 678 679 680 682 684 686 687 690 691 693 694 696 697 698 699 701 702 703 704 705 706 707 709 711 713 714 715 718 719 722 723 724 727 728 735 737 738 741 742 743 746 749 751 753 755 757 759 760 763 764 765 767 770 771 775 776 777 779 780 782 784 787 788 789 790 791 793 794 800 806 807 808 810 813 814 815 816 817 819 820 822 824 825 826 827 829 830 831 832 839 842 844 848 849 851 852 854 856 857 859 861 865 866 867 868 870 871 872 874 875 876 877 878 879 882 883 886 889 894 897 898 899 902 903 904 906 908 909 910 911 912 913 914 919 924 926 927 933 935 937 938 939 941 942 944 945 946 947 949 950 951 952 955 956 957 959 960 962 963 964 965 968 969 970 971 972 973 975 976 978 983 986 991 992 993 994 995 996 997 998 
E
1 7 8 9 12 16 20 21 22 23 29 33 39 41 49 53 56 57 59 66 73 74 75 76 79 80 81 82 83 85 86 92 94 96 98 101 105 106 107 110 111 113 119 125 136 137 141 145 147 150 153 154 160 163 164 166 167 169 171 172 173 179 181 182 184 187 188 190 192 194 197 198 199 200 201 207 209 211 215 217 218 222 227 232 233 237 241 242 244 245 246 248 250 252 253 254 260 262 265 268 269 272 275 277 278 282 283 288 290 294 297 312 319 321 322 329 331 332 334 338 341 344 349 352 353 354 356 361 364 366 368 370 371 373 377 381 382 387 388 389 391 393 395 397 407 412 414 416 419 421 423 432 433 434 445 446 447 448 450 451 453 456 461 466 470 474 475 477 478 480 483 484 487 488 490 493 494 498 502 504 508 514 515 518 523 524 526 530 532 536 538 539 541 543 545 550 551 552 561 562 566 574 578 579 580 581 583 585 587 594 600 605 608 609 612 615 616 618 621 622 627 630 634 636 641 642 644 647 648 649 650 652 654 657 659 664 666 667 671 672 677 678 679 681 684 685 694 695 698 700 706 711 714 717 723 730 736 742 748 749 751 753 754 759 760 762 767 769 775 778 780 781 782 785 786 789 791 792 795 802 806 811 813 814 816 822 827 828 834 835 838 841 842 852 855 856 858 860 861 862 863 866 869 873 875 879 883 886 889 891 892 893 897 900 905 907 913 917 920 923 925 927 929 930 932 933 934 948 949 950 955 956 962 965 968 969 970 972 974 976 979 980 982 983 985 987 988 990 991 996 999 
F
2 3 4 6 7 8 9 10 13 14 16 17 19 21 22 23 24 25 27 29 30 34 35 38 39 41 42 43 44 45 46 48 49 50 52 54 56 57 59 61 62 64 66 67 69 70 72 73 74 75 76 77 79 81 82 84 85 86 87 89 90 91 92 94 96 98 99 100 102 103 104 105 106 109 110 114 116 119 120 124 125 126 127 129 131 134 135 136 137 138 139 140 142 143 145 146 150 152 153 155 157 159 162 163 169 170 171 173 176 177 178 179 180 184 185 188 189 190 191 194 195 196 197 198 200 203 204 206 210 212 219 221 222 224 225 226 227 228 230 232 234 237 239 240 241 242 244 245 246 249 251 252 254 255 256 258 259 260 261 263 265 266 268 272 273 274 275 277 278 280 283 284 285 288 291 294 296 301 302 303 304 308 309 311 316 319 320 322 324 325 327 330 331 334 335 336 337 339 340 341 344 346 347 349 350 352 353 357 358 361 362 364 365 366 367 369 371 372 373 376 377 381 382 383 384 386 387 389 390 391 394 395 396 397 399 400 401 402 406 408 411 412 413 414 416 421 422 423 424 425 426 427 428 429 433 434 435 437 439 441 442 444 446 448 449 450 451 453 456 457 458 459 460 462 463 468 469 470 471 475 477 478 479 480 481 482 488 490 491 493 494 496 498 499 503 504 505 507 508 509 510 512 513 516 521 523 530 531 532 534 537 539 540 541 543 546 547 548 549 553 555 556 557 560 562 563 564 566 567 568 569 570 571 574 576 578 579 581 582 585 586 589 590 591 592 595 597 598 599 600 601 602 603 605 607 609 611 612 615 616 617 618 620 621 622 623 624 628 630 631 632 633 634 636 637 638 640 641 642 643 644 646 647 648 651 652 653 655 657 659 660 662 663 664 667 668 669 670 671 672 676 677 678 680 681 682 684 685 687 688 691 693 695 696 698 699 700 701 703 704 705 706 708 709 711 713 715 716 718 719 720 721 722 723 724 725 726 727 731 732 734 735 737 738 739 741 742 743 744 747 748 750 751 753 754 756 759 760 761 762 763 766 768 770 771 772 774 776 779 780 783 785 788 791 792 793 794 796 798 799 802 804 805 806 808 809 810 812 813 815 817 819 820 822 823 826 827 828 829 830 833 834 835 836 837 839 840 841 842 843 845 847 848 851 856 858 859 862 863 865 867 868 870 873 875 876 877 878 879 880 881 883 884 886 889 890 891 892 893 894 896 898 902 903 904 906 908 909 910 912 914 916 918 921 923 924 926 928 930 931 932 933 934 935 936 940 942 944 945 946 947 952 954 955 956 958 959 960 962 963 964 965 966 968 975 976 977 979 980 982 985 987 988 989 990 991 994 998 999 1000 
G
1 2 5 6 7 8 9 12 15 17 20 22 24 27 28 29 30 33 34 35 37 39 41 42 43 44 45 46 48 49 50 51 53 54 55 57 61 62 63 67 68 70 73 75 76 80 86 87 89 90 92 94 95 98 99 100 101 103 105 107 108 109 113 116 118 119 120 121 123 124 126 128 129 131 133 135 136 138 141 143 144 145 146 147 149 150 154 155 157 158 161 162 163 167 169 171 172 174 175 180 183 188 189 190 191 192 195 198 202 203 204 205 209 212 213 214 215 216 217 219 220 225 226 228 230 231 232 234 235 236 238 239 241 242 245 246 249 253 254 257 259 260 261 262 263 267 268 270 271 272 273 276 278 281 282 284 286 287 290 291 292 293 294 295 296 297 300 301 302 305 307 309 311 312 313 314 315 318 319 321 322 324 326 328 329 330 331 332 333 334 335 336 340 341 344 346 347 349 352 354 357 359 361 362 364 367 368 369 370 374 376 377 378 380 381 382 383 384 386 387 389 390 393 394 396 397 398 401 403 404 406 407 408 410 411 412 414 422 425 427 429 431 435 436 441 442 444 445 449 451 452 453 454 455 456 458 459 460 462 464 465 466 467 469 470 471 472 473 477 478 479 480 483 485 486 488 489 490 491 493 494 495 496 498 499 500 504 505 506 507 509 510 511 512 513 515 520 523 524 526 528 529 530 531 533 535 538 539 540 541 544 545 548 550 551 552 554 556 557 558 559 560 562 564 568 570 571 572 578 579 581 583 585 587 589 590 592 593 594 595 596 604 605 608 610 611 612 613 614 616 619 621 622 624 625 626 627 628 629 630 631 632 633 634 636 640 641 642 647 648 652 653 655 658 660 665 666 667 670 671 672 673 676 677 678 680 682 683 684 685 686 687 688 689 693 694 696 699 706 707 708 710 711 714 716 717 718 719 720 721 723 724 729 730 732 739 740 741 742 744 745 749 752 755 757 759 760 761 762 763 765 766 767 769 770 775 776 777 778 782 784 786 787 790 791 793 794 796 797 799 800 802 805 806 807 808 810 812 814 815 817 818 825 827 829 831 832 833 834 835 837 838 839 841 843 844 845 847 848 850 851 852 854 855 861 863 866 867 868 871 873 874 878 879 880 881 884 886 887 888 889 891 893 894 897 898 901 902 903 905 907 908 909 910 911 912 913 914 915 917 918 919 920 921 923 924 926 927 928 930 935 936 937 938 940 941 943 944 946 947 948 949 950 951 952 954 955 957 963 965 966 969 974 977 979 980 982 983 985 987 988 991 992 994 995 996 998 999 
H
4 7 8 9 12 13 14 16 17 19 20 21 24 25 26 27 28 29 31 33 34 35 36 37 38 39 40 41 43 47 50 51 53 54 56 57 58 60 62 63 65 66 67 68 71 72 73 74 75 76 80 81 83 85 86 87 88 89 91 92 93 95 96 97 98 100 102 103 106 107 108 109 117 119 121 122 123 125 127 129 130 131 134 135 137 138 139 141 142 143 145 146 147 148 150 152 153 154 155 156 157 158 159 160 161 164 165 166 168 169 170 171 173 174 175 176 177 180 181 183 184 185 187 188 190 192 194 195 196 198 199 200 201 202 203 205 206 207 208 209 210 211 212 214 218 220 221 223 224 225 226 232 233 235 237 239 240 241 242 243 246 247 250 251 253 256 257 258 259 260 261 265 267 271 272 273 275 276 277 279 280 281 284 285 286 287 289 291 292 295 296 297 298 299 301 302 303 306 308 309 311 312 313 314 315 316 317 319 320 321 322 324 326 327 328 329 333 334 335 337 338 339 340 341 343 344 345 346 347 350 351 352 355 358 359 360 361 362 365 369 371 372 373 374 377 378 379 381 382 383 385 387 388 389 390 391 392 396 397 398 403 406 407 409 412 416 417 418 420 421 422 426 427 428 429 430 436 437 438 439 440 442 443 445 448 449 451 453 457 462 463 464 465 466 467 468 469 470 471 472 474 476 477 479 481 482 484 486 489 493 496 497 500 502 503 504 505 506 507 509 510 511 512 513 514 515 516 517 518 519 520 521 522 523 524 525 526 532 533 534 535 537 540 541 542 543 547 548 551 553 554 555 556 558 562 564 565 566 567 568 571 573 575 578 579 580 582 584 585 586 587 588 590 591 592 593 594 596 597 598 600 601 608 610 611 612 614 616 617 618 619 620 622 624 625 627 631 632 633 634 637 638 639 641 642 643 644 645 646 648 649 650 653 654 655 656 657 658 659 664 666 667 669 670 671 673 675 676 677 678 679 680 682 684 685 687 689 690 693 695 697 698 699 701 702 703 704 707 708 709 710 711 713 714 715 716 717 719 721 722 723 724 726 728 730 732 733 734 735 736 737 742 743 746 747 748 751 752 753 754 755 760 761 763 767 768 770 772 775 776 777 778 782 785 786 787 788 790 791 793 794 795 796 799 805 807 809 810 811 813 814 815 817 818 819 821 823 826 828 829 833 834 835 836 839 840 842 844 845 846 847 849 850 851 852 853 855 856 857 858 859 860 862 865 866 868 870 871 872 873 877 879 880 881 884 885 887 892 893 894 896 897 898 899 900 902 905 907 908 909 910 913 914 916 918 920 921 925 929 931 932 935 936 937 939 940 943 944 946 947 949 950 953 954 955 956 957 960 961 964 967 968 969 970 971 972 975 976 977 978 980 981 982 983 984 985 986 988 989 991 992 997 998 1000 
I
1 5 6 9 14 17 18 21 24 25 27 30 31 33 34 36 41 44 45 48 50 51 53 58 59 60 61 62 65 71 72 73 75 76 78 83 84 85 86 89 91 95 97 99 100 102 103 105 106 107 108 110 111 115 118 120 121 122 125 126 132 135 136 138 140 144 145 146 147 149 150 153 154 157 158 159 161 162 166 170 171 174 175 176 180 181 183 187 191 194 196 197 198 200 202 203 209 211 212 213 218 223 224 225 227 229 230 231 233 234 236 241 246 251 253 254 255 256 257 260 261 268 269 270 271 272 274 275 276 282 285 286 288 290 291 292 296 297 299 300 301 302 308 312 313 314 317 320 322 323 325 329 334 335 337 338 342 343 345 348 349 352 354 357 358 359 363 364 365 366 367 370 371 375 377 382 386 389 390 393 396 397 400 401 404 406 407 412 413 414 417 418 423 424 425 426 427 429 430 433 437 438 439 440 441 443 444 445 446 447 453 454 455 457 458 459 464 468 469 470 471 472 473 480 483 484 491 494 500 502 504 506 509 519 520 522 526 527 529 530 533 536 537 538 539 540 546 550 553 555 559 562 563 566 567 570 571 572 574 575 576 577 580 581 582 583 584 585 588 589 591 592 593 594 598 603 604 607 612 617 618 620 621 623 624 626 627 629 630 635 639 641 645 646 655 656 660 662 665 666 667 668 669 671 676 679 683 684 686 687 692 693 696 699 707 712 717 718 719 721 725 727 728 729 730 732 733 734 735 736 737 738 740 741 742 745 746 748 750 751 753 755 756 757 758 759 760 764 766 767 768 769 770 772 774 775 776 779 780 781 787 788 789 792 793 794 795 800 804 805 808 810 812 816 817 820 821 825 827 830 831 836 838 839 842 843 844 845 846 850 851 852 853 855 856 859 865 866 869 871 874 875 877 878 882 885 886 887 891 894 896 897 901 903 908 910 912 913 917 918 921 923 924 926 929 930 935 936 939 942 943 946 947 948 950 951 957 959 960 961 962 973 978 979 980 981 984 985 986 989 991 1000 
J
4 5 7 10 11 13 15 16 17 18 19 20 21 22 24 27 28 29 30 32 33 34 36 38 39 40 42 44 46 47 48 49 51 52 53 54 55 57 58 59 61 63 67 68 72 73 74 75 77 78 79 80 81 82 83 84 85 86 90 91 95 97 101 102 103 104 106 108 111 114 115 117 120 121 122 124 125 126 129 130 133 134 135 136 137 138 140 141 142 143 144 145 146 147 148 149 150 151 152 153 154 156 157 161 162 163 165 166 167 168 170 171 172 175 176 178 179 180 181 183 184 185 186 188 189 190 191 193 194 195 196 197 198 199 200 201 202 203 205 206 208 209 210 211 213 214 215 217 218 220 222 224 225 226 228 229 231 233 234 235 236 238 239 240 241 242 244 246 247 249 250 252 255 256 257 258 259 260 261 262 264 265 266 268 269 270 271 272 273 275 277 278 279 281 282 283 284 285 286 288 291 294 296 299 300 301 302 305 307 310 313 314 317 319 320 323 324 325 327 330 332 336 337 339 341 342 343 344 345 348 349 350 351 353 354 359 362 363 365 366 367 368 370 371 372 373 374 375 377 378 380 383 384 385 387 388 389 390 394 395 396 398 399 400 402 404 405 406 408 410 412 413 420 421 422 423 425 426 428 430 431 432 433 436 438 440 441 446 448 449 450 453 455 458 459 461 462 464 465 466 467 468 472 473 475 477 478 480 482 483 486 487 488 489 490 491 492 493 494 495 496 497 500 501 503 504 505 506 512 513 515 517 518 520 521 523 524 526 527 528 529 531 532 535 536 538 539 541 543 547 548 550 551 552 553 554 555 557 558 559 566 568 569 573 574 575 576 577 580 583 585 587 590 591 592 593 594 595 597 598 599 600 602 603 605 607 609 611 612 613 616 617 619 621 622 623 624 625 626 630 632 633 637 638 639 640 641 642 643 645 646 647 648 649 650 651 652 653 654 655 656 657 658 659 660 662 663 666 667 668 669 671 673 674 675 677 680 682 684 685 687 689 690 691 693 694 695 696 700 701 702 703 704 706 708 710 711 715 716 718 719 721 722 723 725 726 727 728 729 730 732 733 736 737 742 743 744 746 747 749 750 751 753 754 755 756 757 758 759 760 761 763 764 769 770 771 772 774 775 776 777 778 782 783 784 785 786 789 792 793 794 795 796 800 801 802 808 810 811 812 813 814 815 816 817 819 820 821 822 823 824 825 826 827 828 829 830 831 832 833 834 837 841 842 843 844 847 849 850 851 852 855 856 857 858 860 861 863 864 868 869 871 872 873 876 882 884 885 886 889 890 891 892 897 899 900 902 903 906 907 908 911 913 916 921 923 924 925 927 928 929 930 931 933 934 936 938 939 940 941 944 945 946 949 952 953 954 955 956 958 959 961 962 964 965 966 967 970 971 973 976 978 982 983 984 985 986 987 988 990 991 992 993 995 998 1000 
K
2 3 4 6 8 13 14 15 17 21 27 31 33 42 43 44 45 47 48 49 52 55 56 57 60 63 64 66 67 72 74 75 76 77 80 82 89 90 92 94 99 100 103 104 106 107 110 113 114 118 119 121 122 125 126 128 130 135 136 140 149 150 152 155 156 162 166 168 171 174 176 177 183 184 185 189 194 195 197 198 200 202 203 210 214 222 223 225 227 228 229 230 234 237 238 239 242 244 245 252 263 264 265 266 267 269 270 271 272 275 276 277 281 282 283 285 287 291 300 302 303 306 310 317 321 323 325 328 334 335 337 339 340 342 344 345 352 354 355 356 359 362 365 367 369 371 372 378 383 389 390 392 393 394 397 402 404 407 412 417 418 423 426 427 430 431 433 434 435 436 438 440 441 443 444 445 447 449 453 455 456 457 459 460 463 464 469 472 473 474 476 482 486 487 488 489 490 491 495 498 499 501 508 509 511 515 516 517 519 521 522 524 525 527 529 532 533 534 535 537 538 540 541 545 547 552 553 554 555 556 557 558 561 563 564 567 568 569 573 575 577 578 581 582 584 586 587 588 590 593 595 596 598 599 600 603 604 605 607 611 612 617 628 630 631 634 636 641 648 650 653 659 660 663 665 667 668 671 672 674 677 679 680 683 685 693 697 701 704 705 706 710 711 712 713 714 715 719 723 724 727 728 729 730 731 733 738 740 741 749 750 751 755 757 760 761 762 764 765 767 770 771 774 784 785 792 795 799 800 802 804 807 816 819 822 826 829 831 838 842 844 846 847 849 850 851 852 854 855 859 861 863 864 866 867 869 870 874 875 878 879 882 883 886 889 890 894 902 904 915 920 924 926 929 932 937 938 941 942 944 949 951 956 961 965 968 973 974 979 986 988 989 990 992 997 998 
L
1 3 5 7 8 10 12 16 20 21 22 23 26 29 30 31 32 35 42 45 46 49 51 53 59 60 62 64 65 67 71 72 73 77 79 81 83 84 86 87 89 100 104 111 112 116 119 122 126 130 132 133 134 138 140 141 142 143 156 158 160 162 163 164 165 169 175 179 181 184 188 190 191 192 193 200 201 205 206 207 210 212 213 214 216 217 218 219 221 222 225 229 230 235 236 239 242 245 252 253 254 255 258 271 274 280 284 288 290 291 293 294 296 297 298 299 301 302 310 312 316 317 320 322 325 333 334 335 337 341 344 345 346 347 349 352 353 361 365 366 368 371 372 379 384 385 388 394 396 398 405 407 411 413 415 418 419 421 426 428 430 431 432 440 443 444 445 447 451 452 453 454 460 462 464 465 466 469 486 488 499 501 503 505 509 512 522 524 525 530 533 535 536 538 542 544 545 546 548 550 556 559 560 561 562 563 565 566 567 570 571 574 584 585 588 590 592 594 598 600 607 611 613 614 616 621 622 623 625 626 630 634 636 639 644 647 649 651 654 656 659 661 663 665 666 667 671 683 686 691 693 694 696 700 701 702 704 706 710 714 716 717 719 720 725 730 732 734 737 738 739 747 752 753 754 762 763 764 765 768 769 777 779 782 783 785 786 788 792 800 801 804 805 812 813 815 816 818 820 822 824 826 827 828 829 832 833 834 835 836 838 839 842 843 846 847 848 850 851 860 865 868 874 877 880 881 886 897 898 899 902 907 908 912 913 919 920 922 924 930 931 934 944 945 948 951 953 954 957 960 966 970 971 973 974 979 981 983 984 985 987 988 992 995 1000 
M
9 15 23 33 36 51 60 62 65 66 71 77 81 85 91 99 101 102 119 123 126 127 132 133 134 136 138 139 142 150 158 163 169 172 184 191 196 206 208 210 216 220 222 228 233 234 235 238 240 246 247 255 265 268 284 294 302 305 314 316 319 320 322 323 329 334 339 340 342 345 346 347 350 356 363 366 371 379 384 391 395 399 400 408 410 411 414 415 419 420 424 425 426 427 428 433 438 445 446 449 453 456 462 468 475 480 484 486 487 498 500 501 510 511 514 518 521 522 532 535 536 538 542 545 550 553 558 561 564 566 570 571 574 578 588 593 604 607 610 618 619 631 632 635 636 639 641 643 646 656 669 676 681 684 689 697 698 700 701 704 710 720 721 722 725 728 729 734 736 742 743 755 761 766 771 782 783 787 789 791 799 801 803 806 819 825 828 831 836 837 840 844 845 848 852 857 858 873 875 876 883 884 886 901 904 906 907 908 909 911 915 918 924 931 933 940 942 947 969 971 978 980 982 985 991 
N
2 5 6 9 10 12 13 15 16 19 21 23 24 25 27 28 29 30 33 34 38 40 42 46 49 51 52 53 54 57 59 62 64 66 67 69 77 79 81 83 84 85 86 87 90 91 92 95 98 99 100 101 102 103 110 112 114 117 118 119 120 123 125 126 128 133 136 138 140 141 142 144 146 149 150 152 153 157 160 162 164 167 168 169 170 172 173 175 177 179 185 186 190 192 193 194 196 197 198 199 203 205 207 209 212 213 214 216 217 218 219 220 222 223 224 225 227 230 231 232 233 235 238 240 242 243 246 248 249 251 252 253 254 256 258 259 262 263 267 269 270 271 272 276 278 279 282 287 288 290 293 295 296 297 298 299 300 301 304 305 306 310 311 314 317 318 321 324 325 328 332 338 341 342 343 346 347 349 350 351 353 359 360 362 363 367 369 370 371 372 374 378 382 383 387 388 392 393 397 399 400 402 405 406 408 409 411 412 414 415 417 418 420 422 423 426 431 432 433 434 435 437 439 442 444 445 449 450 451 452 455 456 458 459 461 466 467 469 472 473 474 476 477 478 481 484 488 489 491 492 493 494 495 498 503 504 506 508 510 513 515 519 520 522 525 526 527 528 529 531 532 533 534 535 537 539 540 541 542 543 546 547 548 550 551 553 555 557 558 562 567 568 569 570 571 574 575 577 579 581 582 583 584 585 587 590 592 593 594 597 598 599 600 601 602 604 606 607 609 611 613 614 615 618 620 621 622 623 624 625 631 633 636 638 639 640 643 644 645 647 648 650 651 652 654 657 660 662 663 665 667 669 671 672 673 674 675 676 677 678 685 689 692 694 695 696 697 699 701 702 707 711 712 714 715 717 719 720 721 724 725 726 727 728 729 730 731 732 734 736 737 738 739 742 743 745 746 747 749 758 759 760 761 763 768 771 774 775 778 779 781 782 783 786 789 795 797 798 800 801 803 804 806 807 808 809 810 813 815 816 819 824 825 826 831 832 834 835 838 839 840 841 844 845 846 847 848 849 850 852 853 854 860 861 864 867 869 873 874 875 877 882 883 884 885 886 887 888 889 894 895 896 897 899 902 905 906 908 912 913 915 916 921 922 923 924 928 931 936 938 939 942 945 948 949 952 957 958 959 960 961 963 965 967 968 969 970 974 975 981 982 985 988 989 990 993 994 1000 
O
1 2 6 8 9 17 23 24 25 26 30 31 33 37 39 40 41 42 43 47 48 49 52 53 54 55 56 57 58 59 61 64 66 68 70 73 75 76 82 83 86 87 89 92 93 94 95 97 99 100 101 102 103 104 105 109 112 114 115 120 123 124 125 128 134 137 139 140 141 146 147 149 151 154 158 159 160 164 166 167 169 174 178 181 184 185 188 191 192 195 196 197 200 202 205 206 207 210 211 213 217 218 220 222 223 224 226 227 239 242 243 245 247 249 250 251 252 253 256 261 262 263 264 265 266 267 269 270 277 279 281 282 287 288 289 291 292 294 297 300 304 305 306 307 317 320 321 322 324 328 331 333 335 336 337 340 341 342 344 345 346 347 348 352 360 361 362 363 365 368 374 375 376 379 381 383 384 392 394 395 396 397 398 401 403 406 407 408 409 413 414 415 419 421 422 423 424 426 427 428 431 432 438 440 441 442 443 444 445 446 448 449 450 453 457 459 461 462 464 466 467 468 470 471 472 475 477 478 479 483 487 491 492 496 497 498 500 502 503 504 506 508 509 512 516 524 527 528 530 531 534 536 541 543 545 546 547 548 549 551 560 561 562 566 567 570 572 574 577 582 584 587 589 593 594 595 598 599 606 607 608 610 611 612 617 620 621 623 626 627 628 631 633 634 635 637 638 640 644 648 651 654 655 658 661 662 663 666 667 669 671 676 678 679 680 683 684 685 690 692 693 694 695 697 698 699 704 706 707 708 709 710 715 718 719 720 721 724 725 727 728 729 731 733 737 739 741 743 747 748 750 751 753 756 757 758 761 763 764 765 767 768 773 776 778 779 781 782 784 785 786 787 788 789 790 791 792 793 796 800 804 808 809 810 811 814 815 816 817 818 821 826 827 828 829 832 835 836 839 840 843 844 846 850 851 856 857 858 864 866 867 874 882 884 885 887 890 891 892 893 896 897 899 901 906 907 910 911 913 914 917 918 919 922 923 925 928 929 930 933 934 935 936 939 941 943 945 947 949 950 952 954 956 959 963 964 967 970 972 976 977 978 979 980 981 983 984 989 990 991 994 996 998 
P
1 2 3 4 11 18 27 31 33 35 36 42 43 46 48 49 50 54 58 59 61 62 66 67 68 78 79 87 89 91 95 99 100 104 107 108 111 113 116 117 118 120 125 126 128 137 138 139 140 141 149 161 163 164 165 169 171 172 178 179 184 185 187 189 190 191 197 198 200 201 202 204 205 206 207 208 220 221 222 224 227 228 230 232 233 236 237 238 257 261 266 269 274 276 277 278 279 285 290 291 294 296 301 305 307 312 313 314 315 317 319 322 323 324 329 334 337 338 340 341 344 356 359 361 366 367 368 369 373 374 375 376 378 379 381 384 386 387 388 390 391 392 396 397 402 403 404 408 412 416 419 429 430 434 435 436 438 439 441 445 446 449 453 455 459 461 462 464 466 467 468 470 472 474 475 479 486 491 496 498 502 504 506 510 513 526 527 530 531 542 544 547 549 553 556 560 566 567 568 569 573 576 577 578 579 581 584 595 596 598 599 600 601 602 603 605 609 611 612 613 614 615 617 618 620 625 628 629 631 634 638 639 641 643 644 647 650 653 654 657 659 661 663 667 669 671 672 677 678 679 683 685 687 689 691 693 694 695 697 705 706 707 708 709 710 713 717 720 721 724 726 728 729 731 735 740 748 751 754 757 758 760 761 764 767 772 773 774 779 783 785 788 790 791 793 794 801 802 803 805 806 808 809 812 813 814 816 821 827 828 831 832 834 836 839 841 846 848 849 855 856 857 861 864 865 868 869 870 873 875 876 877 882 884 888 891 895 909 912 914 921 925 926 927 928 931 932 935 936 944 947 949 954 958 959 960 961 966 968 969 973 976 977 978 979 982 985 986 991 992 993 994 995 996 999 1000 
Q
3 13 16 18 20 22 24 28 29 32 33 37 41 44 45 50 52 54 57 58 66 67 74 76 82 85 86 87 88 90 91 92 95 96 97 101 102 104 105 106 107 112 114 117 118 124 137 138 139 140 142 143 144 145 147 148 149 151 157 160 161 164 165 168 169 181 182 183 189 193 203 204 208 210 211 214 218 219 223 225 228 239 243 245 249 250 252 253 254 255 256 257 259 261 265 267 271 275 276 278 279 282 285 286 287 290 298 299 301 302 304 307 313 318 321 324 327 331 341 342 344 345 346 348 355 356 360 363 366 367 371 372 373 374 375 376 381 382 383 388 389 391 395 397 398 399 400 401 402 404 406 410 412 414 416 421 424 425 426 427 428 429 432 436 445 448 450 452 455 457 459 465 466 468 469 470 483 490 491 494 495 497 499 500 501 502 503 504 506 507 509 515 523 529 530 535 536 537 539 540 542 546 547 556 560 561 564 565 572 585 586 590 593 594 595 601 605 606 609 610 612 613 615 616 617 622 623 624 626 628 629 630 631 632 634 635 639 644 647 648 649 654 656 657 659 662 666 668 672 673 678 683 686 687 694 699 701 703 705 707 708 712 713 716 717 718 720 721 723 724 725 727 728 730 732 734 741 742 750 752 753 756 762 764 765 771 772 777 779 780 782 785 787 789 791 796 797 800 801 803 805 806 808 810 811 813 814 815 816 823 827 828 829 830 836 839 840 843 844 849 850 851 856 863 865 867 869 870 874 876 877 880 883 886 889 900 904 906 913 914 915 916 917 920 922 923 924 925 926 933 934 938 940 941 943 944 945 946 953 954 955 956 959 962 965 966 967 970 972 980 985 986 987 992 994 999 1000 
R
7 8 15 20 21 25 28 41 43 67 69 71 72 75 87 93 95 99 100 103 107 112 116 119 126 128 136 149 185 188 189 200 201 202 213 214 219 222 224 235 236 238 244 247 250 254 261 264 274 283 289 294 302 303 323 339 341 355 357 359 380 385 389 391 402 411 414 416 422 425 445 456 459 461 470 476 479 483 492 497 498 499 502 509 518 524 525 532 545 547 563 579 588 603 620 626 630 636 640 666 668 669 674 684 685 688 694 700 703 704 715 725 726 731 755 756 757 765 767 773 782 791 814 818 827 882 891 893 897 902 916 918 919 925 941 943 947 948 949 958 962 968 972 979 980 985 986 996 
S
2 6 9 11 12 14 18 23 28 29 30 31 34 36 38 39 43 45 46 48 50 51 58 60 62 69 71 90 91 93 94 95 103 107 108 111 114 118 121 122 127 130 131 132 135 136 139 141 146 147 149 154 155 159 163 174 178 180 184 190 192 195 198 203 204 205 211 216 220 222 223 225 226 231 233 240 250 252 253 255 260 270 280 286 290 292 293 297 298 301 307 310 317 322 325 327 331 332 345 349 354 355 357 362 364 366 371 376 380 387 388 389 394 397 398 407 408 409 410 421 426 427 434 435 440 442 444 445 446 447 455 456 461 462 464 465 466 470 473 480 481 484 485 492 493 494 495 497 499 503 514 516 517 520 522 525 529 531 532 533 534 536 537 538 540 544 547 551 557 558 569 570 574 576 578 580 591 595 597 600 606 610 612 614 615 619 622 627 630 633 636 637 641 645 647 651 660 664 666 667 668 671 673 674 679 681 682 686 687 691 694 702 704 705 706 708 712 713 717 719 722 726 727 728 729 730 732 739 744 751 753 754 758 766 771 772 783 787 788 795 797 798 804 805 808 809 810 811 818 819 820 821 824 825 832 834 835 837 839 841 848 860 861 863 864 865 870 881 882 883 888 889 890 892 902 907 909 914 915 919 921 933 934 935 943 953 954 955 956 957 962 966 968 973 975 979 984 987 989 992 997 
T
1 3 8 9 10 12 13 14 17 18 19 20 21 22 24 25 26 27 29 32 34 35 36 37 38 40 42 43 45 48 49 51 56 57 58 59 61 64 65 66 68 70 73 74 76 77 80 82 83 85 86 88 89 90 91 92 93 94 95 96 99 102 103 105 108 109 110 113 115 117 119 121 122 125 126 128 129 131 135 140 141 142 145 146 149 150 151 153 155 156 157 158 161 162 163 165 166 167 169 172 173 178 184 185 188 189 190 193 197 199 200 201 203 204 205 206 210 211 214 216 218 219 220 221 223 224 225 228 229 230 231 234 236 238 241 242 244 246 247 251 252 253 255 256 258 261 262 266 271 272 273 274 275 277 279 282 283 284 288 289 290 292 293 294 296 297 298 299 301 303 305 307 310 312 313 314 316 317 318 319 321 322 324 325 327 328 329 332 333 336 338 339 340 342 343 346 347 353 355 356 357 358 359 360 361 362 367 372 373 374 375 377 378 381 384 386 387 388 389 390 391 393 394 395 396 398 399 400 401 403 404 407 408 410 412 414 415 416 418 419 420 421 424 426 430 432 433 434 436 437 438 439 443 444 447 449 450 451 453 454 456 457 458 459 461 462 464 465 466 467 469 475 476 478 480 485 486 488 490 491 492 494 495 498 499 500 501 502 503 504 506 507 509 510 513 514 517 522 524 525 526 527 529 531 532 533 534 536 537 539 540 541 542 544 545 546 547 549 551 552 553 554 555 556 557 558 559 562 564 566 568 569 570 571 572 580 581 583 584 585 586 587 588 589 592 596 597 598 599 600 601 603 604 605 606 607 609 611 613 614 615 616 617 618 619 620 621 622 623 625 629 630 633 635 637 639 640 642 644 645 646 648 650 651 652 655 656 657 658 659 660 661 663 665 668 671 672 673 674 675 676 678 681 682 687 688 689 690 691 692 693 695 696 697 698 699 700 704 705 706 707 710 711 713 714 715 717 718 719 720 721 722 724 725 726 727 729 730 731 732 735 738 740 741 742 743 744 745 746 748 749 750 753 754 755 756 757 758 760 762 763 765 766 768 769 770 771 772 773 775 776 778 779 781 782 784 785 786 787 788 789 790 793 794 795 797 798 799 801 802 803 804 805 807 808 810 812 814 815 816 817 818 820 825 827 828 829 830 832 833 834 835 836 838 839 841 843 844 848 849 850 852 853 855 856 859 860 861 862 864 865 866 868 873 879 880 881 882 884 885 888 889 890 892 893 894 895 897 898 899 900 901 902 904 906 907 909 910 913 914 915 916 917 918 921 922 923 925 926 927 930 931 933 934 936 938 939 941 942 943 944 945 946 947 948 949 950 953 956 957 960 961 962 963 964 965 967 969 970 971 972 973 974 975 976 977 978 979 980 981 982 983 985 988 989 990 991 993 995 998 
U
2 4 5 7 11 12 13 16 17 18 19 20 21 23 24 26 29 32 33 35 36 38 40 41 42 51 52 55 57 59 60 62 65 66 68 69 71 72 74 79 84 85 86 88 89 90 91 92 95 96 97 101 105 109 111 113 114 116 118 120 123 125 126 128 139 141 144 147 148 151 154 155 156 159 165 167 171 172 179 180 183 184 185 186 189 190 191 192 194 198 199 202 207 211 215 216 218 222 224 228 231 232 234 235 236 242 243 245 249 252 254 256 257 259 260 262 265 266 267 269 271 272 274 275 283 286 287 288 289 290 292 293 298 299 302 303 304 305 309 311 312 313 316 317 321 322 326 327 332 335 338 339 340 341 342 344 345 350 351 356 361 362 364 369 371 373 374 376 382 383 385 387 388 389 392 393 395 398 399 405 408 410 411 413 416 418 422 423 426 429 431 433 435 437 438 441 442 445 446 451 453 454 455 461 463 466 467 468 469 471 475 479 480 482 485 487 488 490 493 494 496 497 498 499 501 503 505 507 508 510 517 518 519 522 523 524 525 527 531 532 535 536 537 538 539 541 542 545 546 550 553 560 562 563 565 567 571 574 576 577 579 581 583 585 587 589 590 591 594 598 605 606 607 616 618 619 620 622 629 632 635 638 642 643 645 650 651 652 655 656 657 658 663 664 665 668 669 672 673 674 675 676 677 681 682 685 686 688 690 692 694 700 704 705 707 708 711 712 714 717 718 719 726 728 730 734 735 737 739 745 747 748 749 750 752 755 756 757 762 764 779 782 783 787 788 795 796 798 799 804 805 807 808 809 811 817 820 823 824 826 827 828 829 830 831 833 838 843 849 851 852 854 856 860 863 868 871 872 874 879 881 882 884 887 889 891 896 903 904 905 909 911 915 916 920 922 923 926 929 930 932 935 936 940 942 945 947 948 949 951 952 954 956 958 960 963 964 965 970 971 972 973 974 980 981 982 985 986 990 991 994 995 997 999 
V
2 5 7 10 14 17 19 23 25 26 28 29 30 35 37 42 44 49 50 51 52 57 58 59 62 63 68 70 71 73 78 79 80 83 87 89 90 93 94 99 108 123 125 127 128 130 132 141 145 146 150 151 153 155 158 160 161 162 165 174 175 176 180 182 184 186 188 190 191 194 195 196 197 199 207 212 213 214 215 219 222 224 225 228 229 230 233 235 236 238 241 242 248 249 251 252 259 260 263 265 266 269 270 272 274 276 279 280 282 283 284 291 294 295 296 299 300 305 314 317 319 322 323 326 331 332 333 334 337 346 347 348 352 353 354 357 360 362 363 368 369 370 372 375 377 379 381 382 384 386 388 391 393 394 395 397 401 407 409 411 412 415 416 417 418 419 421 423 428 430 431 432 441 444 445 446 448 451 453 456 457 463 464 465 466 467 468 469 471 473 475 476 477 478 480 481 482 487 488 492 494 495 499 500 502 503 504 505 506 507 508 512 514 516 527 528 531 534 545 546 547 550 552 553 561 562 565 566 568 569 571 573 576 578 582 584 591 592 595 596 598 599 601 602 604 605 606 609 617 622 625 627 629 630 635 636 638 640 641 643 644 645 646 653 660 661 663 666 667 668 670 677 679 680 683 684 686 687 689 690 691 693 695 697 701 706 707 708 709 712 714 715 719 720 723 725 728 733 736 740 741 742 743 745 747 748 749 752 754 757 761 762 763 764 769 770 771 773 774 778 780 782 786 789 791 794 795 796 798 799 803 805 807 808 809 813 819 824 825 828 831 834 837 846 848 849 853 855 858 859 860 861 863 864 866 867 871 872 873 874 875 876 877 880 883 889 890 895 896 899 901 905 906 909 911 912 916 918 919 921 922 924 934 935 936 939 940 941 943 944 946 948 949 953 956 960 961 971 974 976 980 986 988 989 992 993 995 996 998 1000 
W
1 3 4 5 6 8 9 10 13 14 15 19 21 22 23 26 27 30 31 32 33 36 40 42 46 47 48 50 51 54 55 57 60 61 72 73 74 78 85 87 89 91 94 96 97 99 101 102 103 104 106 107 108 111 116 117 119 124 127 130 133 135 143 144 145 146 147 155 156 162 163 167 168 173 174 177 183 185 189 195 198 200 204 208 209 210 211 216 219 221 225 226 228 229 232 234 235 237 238 239 241 245 248 250 251 252 255 258 262 265 267 271 273 275 276 277 278 279 280 283 289 290 292 293 294 295 298 299 302 304 305 308 312 313 314 318 321 323 324 325 327 331 332 336 337 338 342 344 348 349 353 355 357 358 360 362 363 364 365 366 369 370 372 376 377 381 384 385 386 389 393 394 395 396 399 400 401 403 404 405 408 409 411 414 415 419 426 427 429 431 432 433 436 437 440 443 444 450 451 452 453 454 456 457 462 464 466 468 470 472 473 476 479 481 482 484 485 486 491 492 495 496 497 498 499 500 501 502 505 506 509 515 516 517 520 523 525 526 527 533 534 535 536 537 538 539 542 548 553 557 560 561 562 564 565 566 568 569 570 574 578 581 582 583 587 588 589 593 596 601 605 606 607 608 611 612 613 616 617 620 623 624 625 626 627 628 630 633 635 637 639 643 644 647 648 650 651 656 657 658 660 661 662 663 673 675 676 677 678 681 682 687 688 690 692 693 695 696 697 698 699 700 701 702 703 704 705 706 708 709 711 714 715 718 723 724 725 727 729 731 732 734 735 736 738 741 743 744 745 746 748 751 752 757 761 762 763 765 766 768 771 775 776 777 778 779 780 781 786 788 793 795 798 800 801 806 808 809 810 811 812 814 820 823 826 829 832 845 847 848 850 853 856 857 860 862 864 865 868 872 873 877 878 880 881 882 883 887 894 902 903 904 905 907 912 915 916 917 919 922 926 928 929 934 935 936 939 943 944 949 951 954 955 957 958 959 960 965 966 973 975 977 979 982 983 984 985 986 991 996 998 999 1000 
X
3 9 18 19 20 24 27 29 30 35 36 39 44 47 50 53 55 58 61 65 69 70 72 73 75 76 78 79 81 83 89 92 94 95 100 101 102 107 109 115 116 117 122 126 128 134 138 139 141 142 147 149 150 151 153 155 159 163 165 169 170 173 175 181 192 193 195 201 207 208 209 210 211 212 218 219 223 227 233 235 237 241 244 251 252 253 256 266 267 270 279 282 286 288 289 296 301 307 312 315 316 319 320 321 323 324 335 336 338 342 345 346 348 350 353 355 364 367 368 369 372 373 375 378 381 383 386 392 394 395 396 399 400 402 411 412 414 418 419 421 422 426 429 434 435 436 440 443 446 448 450 451 453 457 459 461 465 474 476 480 484 485 486 489 494 499 500 503 504 510 518 520 523 524 525 528 530 536 540 547 550 551 555 556 557 558 559 560 562 571 573 574 578 579 580 583 586 588 590 591 592 593 597 598 606 608 610 611 613 620 622 625 626 628 634 636 641 645 646 650 651 654 661 665 667 669 670 671 683 684 685 686 688 691 698 700 701 702 705 707 709 712 718 720 721 723 724 726 729 730 731 733 735 736 738 739 740 741 750 752 753 757 759 760 763 764 766 771 775 778 779 780 788 790 794 796 798 802 803 804 807 808 814 817 830 838 840 843 844 846 848 853 860 863 870 877 878 879 884 895 897 899 900 903 906 909 912 913 915 917 918 924 926 928 931 932 938 939 940 945 947 948 952 956 958 960 962 963 966 974 980 983 986 988 993 1000 
Y
21 32 36 47 48 65 66 67 70 74 76 79 90 99 104 105 113 116 120 135 148 151 165 173 174 176 179 182 185 189 191 196 198 208 211 213 217 220 223 232 242 248 250 256 259 268 269 284 285 287 288 297 304 305 325 326 343 349 357 359 379 382 386 387 406 412 417 418 429 435 439 440 453 455 465 469 471 474 475 478 484 495 498 517 518 531 536 537 540 541 553 554 563 568 571 575 581 611 613 614 621 648 649 652 655 661 662 667 675 688 693 695 700 701 705 706 710 715 716 717 718 719 724 727 737 747 748 751 755 769 778 783 796 800 806 813 820 822 824 827 830 854 857 858 868 871 874 879 880 887 894 895 897 900 904 908 914 923 936 940 943 945 952 954 960 973 976 982 986 1000 
Z
3 4 5 11 15 21 24 26 28 30 33 34 37 38 41 44 45 50 55 57 59 62 66 69 72 78 79 80 81 82 86 87 91 92 94 101 102 106 110 111 112 114 115 116 120 124 127 130 131 133 135 136 137 138 141 143 144 148 150 153 159 161 165 166 173 189 190 194 196 197 198 199 200 202 205 206 208 209 212 213 214 216 218 219 220 224 225 226 227 233 234 240 242 254 259 260 263 266 268 272 275 278 285 286 287 288 289 291 295 299 302 308 311 313 318 325 328 331 337 338 339 347 349 352 355 361 362 366 368 374 377 379 390 398 411 419 428 431 435 439 443 447 451 452 453 454 455 459 466 468 469 471 474 476 477 483 484 487 488 489 491 501 504 505 506 507 514 516 517 518 520 521 522 533 538 544 545 546 548 555 556 557 560 561 565 571 572 574 578 579 581 582 584 585 586 588 590 596 597 599 600 607 608 610 611 612 613 614 615 616 618 626 630 633 634 635 636 642 643 645 647 654 656 659 663 668 669 675 676 682 696 697 699 701 703 709 710 713 715 718 722 724 735 737 745 747 748 749 750 752 753 755 758 765 771 774 779 782 785 787 788 789 790 793 800 801 802 803 805 806 807 808 812 814 815 819 821 823 824 835 836 840 841 842 846 848 849 850 854 855 856 862 863 866 867 869 870 873 875 876 887 893 895 897 898 900 904 905 907 918 921 928 936 944 948 955 956 957 961 962 964 974 978 980 986 987 991 992 993 995 999
